.Random.seed <-
c(403L, 352L, 267976102L, 1248053281L, 1246577074L, 267229331L, 
-1727430551L, -1192630093L, -1234839131L, 2059246459L, 1169134832L, 
-1190837056L, 1908992948L, 85363223L, -1741620891L, 1790689648L, 
-348883084L, 64299596L, 1894584006L, -912580322L, 453944874L, 
-2082150375L, -310921572L, 1599704845L, 1804100928L, 2074214369L, 
1517474313L, -1833353849L, 531050183L, 1996912343L, -1960758833L, 
234795332L, 1076404897L, 1204402314L, 2010409248L, 1994115185L, 
-530179019L, -2138075034L, 199258645L, 888610588L, 1387482168L, 
-920147661L, 680031070L, 418028353L, 1252288634L, 1547262302L, 
-88604145L, -1291612251L, -242339417L, 1995144220L, -736793035L, 
-255969411L, 732474285L, -1454210965L, 1784126519L, 2129517467L, 
-1059135776L, -522072780L, 1443537034L, -2080994459L, -1527690985L, 
-1186811908L, 96917687L, 396804161L, 1750422590L, 1257551502L, 
-755345465L, 270791181L, -1932890412L, 774045811L, -98341768L, 
337179610L, 22774682L, -1911986395L, -1135348227L, -258288282L, 
311950998L, 1502570984L, 1264189769L, 455945401L, -2114394526L, 
1167214472L, 488802240L, -2084509L, 136129127L, 1527621156L, 
2138617704L, 1588624858L, -768150489L, -1902783537L, 1389501784L, 
106457693L, -1246290992L, -972013282L, 300895005L, -46140390L, 
-1576527848L, 1752315064L, 662702858L, 143027020L, 303388180L, 
1119029553L, 60325534L, 80064348L, 578400077L, -117263957L, -2042889095L, 
777249252L, 143707895L, 792736817L, -260358069L, -1632340263L, 
-174182182L, 1796859794L, -264841193L, -1025445471L, -1765934914L, 
1275093905L, 2028389696L, -194261406L, -456207683L, -1770419159L, 
939717955L, -1973698735L, -1786116034L, 529593744L, 1192134038L, 
1704017874L, -1863491262L, -306103921L, 2129172179L, -391532349L, 
1126402321L, -1384794473L, 1556841255L, 1787080985L, 1235413304L, 
976378243L, 1106552816L, -59243597L, -1974308043L, 1606121292L, 
1988045702L, 261561963L, 1735732019L, 233969368L, -471504984L, 
-1321327741L, 1527689553L, 2114219826L, -1561926454L, -1017708573L, 
-330379204L, -1465622363L, 1896581709L, 2062302136L, 1890824486L, 
638300610L, -1921011229L, 96927427L, -1337457509L, 1729256607L, 
-362601435L, -1940843946L, 1894646083L, -126962570L, -1371907473L, 
672466091L, 1924893469L, 1242493469L, -404024842L, -1328560205L, 
1972934689L, -810670261L, -2131343242L, 1263435013L, 683840238L, 
-191487914L, 2140750099L, -2133285422L, -688021313L, -1167313148L, 
351772000L, -1100335341L, 239910747L, -1665609159L, 2007820581L, 
265029464L, -753970408L, -1642245737L, 2085617241L, -692098096L, 
-2036607689L, -422004767L, -1960496093L, -1910664091L, -385564057L, 
-1676313298L, -1537552228L, 1157985868L, -982850825L, 1549508009L, 
1161458558L, -1515752694L, -965634616L, 1794626969L, 1155091165L, 
-1201975253L, -1652186193L, -1212044903L, -1393000119L, 1179608649L, 
-1453766156L, -1018579103L, -2114068283L, 264546594L, -1254966430L, 
1470156301L, -729546627L, 251819354L, 918326866L, -520113721L, 
-737350327L, 1323915727L, -986679695L, -362828307L, -1756483048L, 
-1178471007L, 1125821622L, -1693201124L, 1790394305L, -950208287L, 
-762000441L, 284225946L, 41380074L, 317221721L, -433903071L, 
-2037802633L, -1351453764L, 312640897L, 1117939557L, -972436033L, 
-1107082593L, 1404663499L, 622385924L, -1428671328L, -1500014443L, 
606519664L, -1058163679L, 650440465L, 705565757L, 859791686L, 
-610574490L, -1644302441L, 1918386240L, 1194451428L, -710638591L, 
1942444877L, 244851865L, -504249982L, -956190411L, -208306380L, 
1059297573L, -728639872L, 1082030091L, 933800731L, -829567040L, 
811295808L, -335907252L, -635476984L, 196896382L, 508999274L, 
-167139641L, -1367131410L, 1504371923L, 1342168319L, 1838060113L, 
-134194565L, -1651767438L, -1004838672L, -1775396307L, 2115540957L, 
-1140400536L, -2122409269L, -486189258L, -963911288L, -120759043L, 
899364602L, -1945726953L, -287778241L, 1642447927L, -140084009L, 
1220611780L, 1902459557L, -2090867231L, 1676322875L, 502621006L, 
2142246363L, -1179774480L, 670944512L, 573216131L, -859455355L, 
-1925332222L, 1078497663L, 169738608L, -489547607L, 711187343L, 
-602659035L, 829326597L, -1308167048L, 17224352L, 3848315L, -1986224257L, 
-126300564L, -909220674L, -257076641L, 1785983714L, 1416261654L, 
1104534780L, -842798501L, -2146539774L, -1458545779L, 424254470L, 
28264599L, -65309067L, 532631160L, 1176943490L, -2101672529L, 
-1218340219L, 982832939L, -1002417389L, -1069616384L, 625232091L, 
1144764506L, -598665816L, -799868215L, -2133320408L, 383971249L, 
-641233066L, -1808333162L, 525699997L, 422854244L, -334019958L, 
203068267L, -740622569L, -43418911L, -467098868L, 1240910753L, 
-581335296L, 620168360L, 794842673L, -1842628068L, 595040725L, 
2063265267L, -1074635327L, 1750475707L, -1336843394L, -1872128818L, 
-1569743567L, -2088272310L, 1735083538L, -436183268L, 555025999L, 
-1696051302L, 38883100L, 572275707L, 352640216L, -1880413461L, 
-127592169L, -2084499393L, -664587272L, -1606388011L, -1503202598L, 
1153847111L, -179744034L, 389840548L, 1208929467L, -847261060L, 
1010038355L, 1753345445L, 2058732181L, 725965067L, -1765816206L, 
779069151L, -60492455L, 967966430L, -1571928975L, 987070886L, 
1944470031L, 589686257L, 819157714L, -1577013297L, 97217551L, 
-1693859247L, -115001205L, -1968469144L, -608990378L, -1459022815L, 
1262807955L, 1513474647L, 1698969421L, 82333414L, 179936785L, 
-1415043254L, -1448863502L, 1869326909L, -381448878L, 723589730L, 
1632648413L, -1830038222L, 790935078L, -996039250L, -2032605949L, 
-1984361211L, -32378699L, -272877933L, 31046155L, -1482829999L, 
954023053L, -2059738144L, 2016875853L, -1096634529L, 984323475L, 
-449591474L, -1971501894L, -329914141L, 67280335L, -489309269L, 
2007664245L, -972531960L, -1026352315L, -1698212491L, 383054318L, 
1409800238L, 1467636153L, -1128121913L, -1158578703L, 967895270L, 
1059784888L, 139712361L, 479020772L, 806565710L, 760121215L, 
-236837984L, 1833621034L, 220112341L, -636941993L, 1767655273L, 
-1438302994L, 692409086L, 1529400519L, -1018430381L, 375646971L, 
-706228526L, 678960932L, -1560894196L, -1635818207L, 625999466L, 
1225108936L, 114236307L, -1613996452L, 526911252L, -2098766644L, 
-1714687608L, -1964349165L, 2049636291L, 340241715L, 1708903896L, 
347528954L, 1759322585L, 1548940145L, -687573150L, 1271452367L, 
-1447594372L, 635300423L, 1659851456L, -1954740545L, 96671624L, 
-258070299L, 512462766L, 1487863858L, 1900961768L, 1904342216L, 
143594217L, -1898752469L, -1420429555L, 845649749L, 1466949111L, 
1083779555L, -957760884L, 932469376L, 292044254L, -1756725608L, 
1448535569L, 1740825898L, -2013999051L, -1273952044L, 1428967521L, 
-1919466235L, 767595650L, 1315956873L, 1261866676L, 1166125787L, 
-1995051388L, -842027279L, -583714546L, 1155022218L, 1643682805L, 
-2111045296L, 1795689603L, -164580160L, 1326770051L, -462392379L, 
-1185421286L, 885158932L, 887856861L, -1006121395L, 1871643614L, 
-545844563L, 1759825858L, 912759581L, -451614427L, -1201042474L, 
912596732L, 1836785896L, 1343325763L, -1655068253L, 380439611L, 
1295451415L, 1988769114L, 1355454469L, -497768842L, 1016625257L, 
-1904036415L, -1278511000L, -1090866229L, -88429358L, -610048948L, 
-113917649L, 1715817412L, -1581937753L, 701829083L, 1152116702L, 
698517468L, 1269785951L, -1258173868L, -902395500L, 1102176979L, 
1797688276L, 1426737607L, -1174931557L, 378842242L, 2109041281L, 
-596364554L, 1775650526L, -1351157023L, 132232017L, 663088093L, 
1337346120L, 833629934L, 1804471418L, -1404973739L, 476512014L, 
-913527899L, 418242860L, 540463894L, 755617190L, -9847851L, 2007784978L, 
-483985370L, 1948372132L, -1939216557L, 1701395484L, -725257371L, 
714129843L, -1510413700L, 56130880L, 1214587383L, 202668871L, 
790492147L, -1155337075L, -355655356L, 1810602224L, -1442262113L, 
825235033L, 183418544L, -2114326376L, 259808951L, 1802947132L, 
-28247252L, -146106443L, -779467619L, -960780112L, 216977983L, 
211803246L, 1714284021L, 905098525L, -1116511561L, -431226427L, 
-998368116L, -1455903177L, -380114320L, -651381552L, 52524868L, 
